21221603
37470103623
45220043
10034601263
30751663
61242263
645201143
30100147
101206
102402
41251
21221603
37470103623
45220043
10034601263
30751663
61242263
645201143
30100147
101206
102402
41251
21221603
37470103623
45220043
10034601263
30751663
61242263
645201143
30100147
21221603
37470103623
45220043
10034601263
30751663
61242263
645201143
30100147
21221603
37470103623
45220043
10034601263
30751663
61242263
645201143
30100147
21221603
21221603
21221603
201223
45220043
10034601263
30751663
61242263
645201143
30100147
21221603
201223
45220043
10034601263
30751663
61242263
645201143
30100147
21221603
201223
45220043
10034601263
30751663
61242263
645201143
30100147
21221603
21221603
201223
45220043
10034601263
30751663
61242263
645201143
30100147
21221603
201223
45220043
10034601263
30751663
61242263
645201143
30100147
21221603
21221603
201223
45220043
10034601263
30751663
61242263
645201143
30100147
21221603
201223
45220043
10034601263
30751663
61242263
645201143
30100147
21221603
201223
45220043
10034601263
30751663
61242263
645201143
30100147
21221603
21221603
70201223
45220043
10034601263
30751663
61242263
645201143
30100147
21221603
70201223
45220043
10034601263
30751663
61242263
645201143
30100147
21221603
70201223
45220043
10034601263
30751663
61242263
645201143
30100147
21221603
70201223
45220043
10034601263
30751663
61242263
645201143
30100147
21221603
70201223
45220043
10034601263
30751663
61242263
645201143
30100147
21221603
70201223
45220043
10034601263
30751663
61242263
645201143
30100147
21221603
70201223
45220043
10034601263
30751663
61242263
645201143
30100147
21221603
70201223
45220043
10034601263
30751663
61242263
645201143
30100147
21221603
70201223
45220043
10034601263
30751663
61242263
645201143
30100147
21221603
21221603
70201223
45220043
10034601263
30751663
61242263
645201143
30100147
21221603
70201223
45220043
10034601263
30751663
61242263
645201143
30100147
21221603
37774201223
45220043
10034601263
30751663
61242263
645201143
30100147
21221603
70201223
45220043
10034601263
30751663
61242263
645201143
30100147
21221603
37470201223
45220043
10034601263
30751663
61242263
645201143
30100147
21221603
45220043
10034601263
30751663
61242263
645201143
30100147
21221603
37470201223
45220043
10034601263
30751663
61242263
645201143
30100147
21221603
37470201223
45220043
10034601263
30751663
61242263
645201143
30100147
21221603
37470201223
45220043
10034601263
30751663
61242263
645201143
30100147
21221603
37470201223
45220043
10034601263
30751663
61242263
645201143
30101347
21221603
37470201223
45220043
10034601263
30751663
61242263
645201143
30101347
201223
21221603
37470201223
45220043
10034601263
30751663
61242263
645201143
30101347
201223
50001223
21221603
37470201223
45220043
10034601263
30751663
61242263
645201143
30101347
201223
50001223
21221603
37470201223
45220043
10034601263
30751663
61242263
645201143
30101347
201223
37774641423
50001223
21221603
37470201223
45220043
10034601263
30751663
61242263
645201143
30101347
201223
37774641423
50001223
21221603
37470201223
45220043
10034601263
30751663
61242263
645201143
30101347
201223
37774641423
50001223
23
21221603
37470201223
45220043
10034601263
30751663
61242263
645201143
30101347
201223
37774641423
50001223
23
21221603
37470201223
45220043
10034601263
30751663
61242263
645201143
30101347
201223
37774641423
50001223
23
157
21221603
37470201223
45220043
10034601263
30751663
61242263
645201143
30101347
201223
37774641423
50001223
23
157
100147
21221603
37470201223
45220043
10034601263
30751663
61242263
645201143
30101347
201223
37774641423
50001223
23
157
100147
21221603
37470201223
45220043
10034601263
30751663
61242263
645201143
30101347
201223
37774641423
50001223
23
157
100147
21221603
37470201223
45220043
10034601263
30751663
61242263
645201143
30101347
201223
37774641423
50001223
23
157
100147
21221603
37470201223
45220043
10034601263
30751663
61242263
645201143
30101347
201223
37774641423
50001223
23
157
100147
10030001463
