00000000101001010010001110000011
00111000010000001010010011
00000100100101010010011010100011
01000000011100110000001010110011
00000000011000111101001110110011
00000000110001010100010010110011
00000110100101010000001001100011
11000001000001011100111
00000000000000010000001010010011
11111111111100110100001100010011
101000000000001010010011
00000000000000000000000000010011
00000000000000000000000001101111
00000000000000001000000001100111
01000000011000000000001100110011
00000000101001010010001110000011
00111000010000001010010011
01000000011100110000001010110011
00000000011000111101001110110011
00000000110001010100010010110011
00000110100101010000001001100011
11000001000001011100111
00000000000000010000001010010011
11111111111100110100001100010011
101000000000001010010011
00000000000000000000000000010011
00000000000000000000000001101111
00000000000000001000000001100111
01000000011000000000001100110011
00000000101001010010001110000011
00000000101001010010001110000011
00000000101001010010001110000011
00000000111000010000001010010011
01000000011100110000001010110011
00000000011000111101001110110011
00000000110001010100010010110011
00000110100101010000001001100011
00000000011000001000001011100111
00000000000000010000001010010011
11111111111100110100001100010011
00000000101000000000001010010011
00000000000000000000000000010011
00000000000000000000000001101111
00000000000000001000000001100111
01000000011000000000001100110011
00000000101001010010001110000011
00000000111000010000001010010011
01000000011100110000001010110011
00000000011000111101001110110011
00000000110001010100010010110011
00000110100101010000001001100011
00000000011000001000001011100111
00000000000000010000001010010011
11111111111100110100001100010011
00000000101000000000001010010011
00000000000000000000000000010011
00000000000000000000000001101111
00000000000000001000000001100111
01000000011000000000001100110011
00000000101001010010001110000011
00000000111000010000001010010011
01000000011100110000001010110011
00000000011000111101001110110011
00000000110001010100010010110011
00000110100101010000001001100011
00000010110100001000001011100111
00000000000000010000001010010011
11111111111100110100001100010011
00000000101000000000001010010011
00000000000000000000000000010011
00000000000000000000000001101111
00000000000000001000000001100111
01000000011000000000001100110011
00000000101001010010001110000011
00000000111000010000001010010011
01000000011100110000001010110011
00000000011000111101001110110011
00000000110001010100010010110011
00000110100101010000001001100011
00000000111100001000001011100111
00000000000000010000001010010011
11111111111100110100001100010011
00000000101000000000001010010011
00000000000000000000000000010011
00000000000000000000000001101111
00000000000000001000000001100111
01000000011000000000001100110011
00000000101001010010001110000011
00000000111000010000001010010011
01000000011100110000001010110011
00000000011000111101001110110011
00000000110001010100010010110011
00000110100101010000001001100011
00000000101000001000001011100111
00000000000000010000001010010011
11111111111100110100001100010011
00000000101000000000001010010011
00000000000000000000000000010011
00000000000000000000000001101111
00000000000000001000000001100111
01000000011000000000001100110011
00000000101001010010001110000011
00000000111000010000001010010011
01000000011100110000001010110011
00000000011000111101001110110011
00000000110001010100010010110011
00000110100101010000001001100011
00000001110000001000001011100111
00000000000000010000001010010011
11111111111100110100001100010011
00000000101000000000001010010011
00000000000000000000000000010011
00000000000000000000000001101111
00000000000000001000000001100111
01000000011000000000001100110011
00000000101001010010001110000011
00000000111000010000001010010011
01000000011100110000001010110011
00000000011000111101001110110011
00000000110001010100010010110011
00000110100101010000001001100011
00000001110000001000001011100111
00000000000000010000001010010011
11111111111100110100001100010011
00000000101000000000001010010011
00000000000000000000000000010011
00000000000000000000000001101111
00000000000000001000000001100111
01000000011000000000001100110011
00000000101001010010001110000011
00000000111000010000001010010011
01000000011100110000001010110011
00000000011000111101001110110011
00000000110001010100010010110011
00000110100101010000001001100011
00000001110000001000001011100111
00000000000000010000001010010011
11111111111100110100001100010011
00000000101000000000001010010011
00000000000000000000000000010011
00000000000000000000000001101111
00000000000000001000000001100111
01000000011000000000001100110011
101001010010001110000011
11111100111000010000001010010011
01000000011100110000001010110011
00000000011000111101001110110011
00000000110001010100010010110011
00000110100101010000001001100011
11111001110000001000001011100111
00000000000000010000001010010011
11111111111100110100001100010011
101000000000001010010011
00000000000000000000000000010011
00000000000000000000000001101111
00000000000000001000000001100111
01000000011000000000001100110011
101001010010001110000011
11111100111000010000001010010011
01000000011100110000001010110011
00000000011000111101001110110011
00000000110001010100010010110011
00000110100101010000001001100011
11111001110000001000001011100111
00000000000000010000001010010011
11111111111100110100001100010011
101001010010001110000011
11111100111000010000001010010011
01000000011100110000001010110011
00000000011000111101001110110011
00000000110001010100010010110011
00000110100101010000001001100011
11111001110000001000001011100111
00000000000000010000001010010011
11111111111100110100001100010011
101001010010001110000011
11111100111000010000001010010011
01000000011100110000001010110011
00000000011000111101001110110011
00000000110001010100010010110011
00000110100101010000001001100011
11111001110000001000001011100111
00000000000000010000001010010011
11111111111100110100001100010011
101001010010001110000011
11111100111000010000001010010011
01000000011100110000001010110011
00000000011000111101001110110011
00000000110001010100010010110011
00000110100101010000001001100011
11111001110000001000001011100111
00000000000000010000001010010011
11111111111100110100001100010011
00000000000000000000000000010011
00000000000000000000000001101111
00000000000000001000000001100111
01000000011000000000001100110011
101001010010001110000011
11111100111000010000001010010011
01000000011100110000001010110011
00000000011000111101001110110011
00000000110001010100010010110011
00000110100101010000001001100011
11111001110000001000001011100111
00000000000000010000001010010011
11111111111100110100001100010011
00000000000000000000000000010011
00000000000000000000000001101111
00000000000000001000000001100111
01000000011000000000001100110011
11111100111000010000001010010011
01000000011100110000001010110011
00000000011000111101001110110011
00000000110001010100010010110011
00000110100101010000001001100011
11111001110000001000001011100111
00000000000000010000001010010011
11111111111100110100001100010011
00000000000000000000000000010011
00000000000000000000000001101111
00000000000000001000000001100111
01000000011000000000001100110011
11111100111000010000001010010011
01000000011100110000001010110011
00000000011000111101001110110011
00000000110001010100010010110011
00000110100101010000001001100011
11111001110000001000001011100111
00000000000000010000001010010011
11111111111100110100001100010011
00000000000000000000000000010011
00000000000000000000000001101111
00000000000000001000000001100111
01000000011000000000001100110011
11111100111000010000001010010011
01000000011100110000001010110011
00000000011000111101001110110011
00000000110001010100010010110011
<<<<<<< Updated upstream
00000110100101010000001001100011
=======
1100100010010101000011100011
>>>>>>> Stashed changes
11111001110000001000001011100111
00000000000000010000001010010011
11111111111100110100001100010011
00000000000000000000000000010011
00000000000000000000000001101111
00000000000000001000000001100111
01000000011000000000001100110011
11111100111000010000001010010011
01000000011100110000001010110011
00000000011000111101001110110011
00000000110001010100010010110011
<<<<<<< Updated upstream
00000110100101010000001001100011
11111001110000001000001011100111
00000000000000010000001010010011
11111111111100110100001100010011
00000000000000000000000000010011
00000000000000000000000001101111
00000000000000001000000001100111
01000000011000000000001100110011
11111100111000010000001010010011
01000000011100110000001010110011
00000000011000111101001110110011
00000000110001010100010010110011
00000110100101010000001001100011
11111001110000001000001011100111
00000000000000010000001010010011
11111111111100110100001100010011
00000000000000000000000000010011
00000000000000000000000001101111
00000000000000001000000001100111
01000000011000000000001100110011
11111100111000010000001010010011
01000000011100110000001010110011
00000000011000111101001110110011
00000000110001010100010010110011
00000110100101010000001001100011
11111001110000001000001011100111
00000000000000010000001010010011
11111111111100110100001100010011
00000000000000000000000000010011
00000000000000000000000001101111
00000000000000001000000001100111
01000000011000000000001100110011
11111100111000010000001010010011
01000000011100110000001010110011
00000000011000111101001110110011
00000000110001010100010010110011
00000110100101010000001001100011
11111001110000001000001011100111
00000000000000010000001010010011
11111111111100110100001100010011
00000000000000000000000000010011
00000000000000000000000001101111
00000000000000001000000001100111
01000000011000000000001100110011
11111100111000010000001010010011
01000000011100110000001010110011
00000000011000111101001110110011
00000000110001010100010010110011
00000110100101010000001001100011
11111001110000001000001011100111
00000000000000010000001010010011
11111111111100110100001100010011
00000000000000000000000000010011
00000000000000000000000001101111
00000000000000001000000001100111
01000000011000000000001100110011
11111100111000010000001010010011
01000000011100110000001010110011
00000000011000111101001110110011
00000000110001010100010010110011
00000110100101010000001001100011
=======
1100100010010101000011100011
>>>>>>> Stashed changes
11111001110000001000001011100111
00000000000000010000001010010011
11111111111100110100001100010011
00000000000000000000000000010011
00000000000000000000000001101111
00000000000000001000000001100111
01000000011000000000001100110011
11111100111000010000001010010011
01000000011100110000001010110011
00000000011000111101001110110011
00000000110001010100010010110011
11111100111000010000001010010011
01000000011100110000001010110011
00000000011000111101001110110011
00000000110001010100010010110011
11111100111000010000001010010011
01000000011100110000001010110011
00000000011000111101001110110011
00000000110001010100010010110011
11111100111000010000001010010011
01000000011100110000001010110011
00000000011000111101001110110011
00000000110001010100010010110011
11111100111000010000001010010011
01000000011100110000001010110011
00000000011000111101001110110011
00000000110001010100010010110011
11111100111000010000001010010011
01000000011100110000001010110011
00000000011000111101001110110011
00000000110001010100010010110011
11111100111000010000001010010011
01000000011100110000001010110011
00000000011000111101001110110011
00000000110001010100010010110011
11111100111000010000001010010011
01000000011100110000001010110011
00000000011000111101001110110011
00000000110001010100010010110011
11111100111000010000001010010011
01000000011100110000001010110011
00000000011000111101001110110011
00000000110001010100010010110011
11111100111000010000001010010011
01000000011100110000001010110011
00000000011000111101001110110011
00000000110001010100010010110011
11111100111000010000001010010011
01000000011100110000001010110011
00000000011000111101001110110011
00000000110001010100010010110011
11111100111000010000001010010011
01000000011100110000001010110011
00000000011000111101001110110011
00000000110001010100010010110011
11111100111000010000001010010011
01000000011100110000001010110011
00000000011000111101001110110011
00000000110001010100010010110011
11111100111000010000001010010011
01000000011100110000001010110011
00000000011000111101001110110011
00000000110001010100010010110011
11111001110000001000001011100111
00000000000000010000001010010011
11111111111100110100001100010011
00000000000000000000000000010011
00000000000000000000000001101111
00000000000000001000000001100111
01000000011000000000001100110011
11111100111000010000001010010011
01000000011100110000001010110011
00000000011000111101001110110011
00000000110001010100010010110011
11111001110000001000001011100111
00000000000000010000001010010011
11111111111100110100001100010011
00000000000000000000000000010011
00000000000000000000000001101111
00000000000000001000000001100111
01000000011000000000001100110011
11111100111000010000001010010011
01000000011100110000001010110011
00000000011000111101001110110011
00000000110001010100010010110011
11111100111000010000001010010011
01000000011100110000001010110011
00000000011000111101001110110011
00000000110001010100010010110011
11111001110000001000001011100111
00000000000000010000001010010011
11111111111100110100001100010011
00000000000000000000000000010011
00000000000000000000000001101111
00000000000000001000000001100111
01000000011000000000001100110011
11111100111000010000001010010011
01000000011100110000001010110011
00000000011000111101001110110011
00000000110001010100010010110011
11111001110000001000001011100111
00000000000000010000001010010011
11111111111100110100001100010011
00000000000000000000000000010011
00000000000000000000000001101111
00000000000000001000000001100111
01000000011000000000001100110011
